1 3.93333E-4 1 
1 3.83324E-4 2 
1 4.07931E-4 3 
1 3.93023E-4 4 
1 4.0757E-4 5 
1 4.28169E-4 6 
1 4.71201E-4 7 
1 4.10866E-4 8 
1 3.9151E-4 9 
1 4.10356E-4 10 
1 4.13201E-4 11 
1 4.14604E-4 12 
1 4.37226E-4 13 
1 5.70167E-4 14 
1 4.0717E-4 15 
1 4.98422E-4 16 
1 4.42917E-4 17 
1 3.91259E-4 18 
1 4.71141E-4 19 
1 4.0252E-4 20 
1 4.67123E-4 21 
1 6.14572E-4 22 
1 3.84707E-4 23 
1 4.17339E-4 24 
1 4.36445E-4 25 
1 3.98223E-4 26 
1 3.72083E-4 27 
1 3.96991E-4 28 
1 4.06368E-4 29 
1 3.89376E-4 30 
1 4.78043E-4 31 
1 5.44339E-4 32 
1 5.51082E-4 33 
1 4.87692E-4 34 
1 4.15786E-4 35 
1 4.35483E-4 36 
1 3.93634E-4 37 
1 5.89695E-4 38 
1 4.03091E-4 39 
1 4.20595E-4 40 
1 4.66501E-4 41 
1 4.09284E-4 42 
1 5.17548E-4 43 
1 3.83235E-4 44 
1 3.93724E-4 45 
1 4.31265E-4 46 
1 4.30734E-4 47 
1 4.49148E-4 48 
1 4.15335E-4 49 
1 4.1843E-4 50 
1 3.97993E-4 51 
1 3.67986E-4 52 
1 4.00227E-4 53 
1 7.15221E-4 54 
1 3.92622E-4 55 
1 4.58596E-4 56 
1 3.94726E-4 57 
1 4.76751E-4 58 
1 5.37967E-4 59 
1 4.84625E-4 60 
1 6.23689E-4 61 
1 4.45932E-4 62 
1 4.45822E-4 63 
1 4.91539E-4 64 
1 4.17759E-4 65 
1 5.06637E-4 66 
1 4.15415E-4 67 
1 4.67794E-4 68 
1 4.49519E-4 69 
1 3.89967E-4 70 
1 4.74817E-4 71 
1 4.45242E-4 72 
1 4.57645E-4 73 
1 5.1835E-4 74 
1 5.11357E-4 75 
1 7.18517E-4 76 
1 6.06506E-4 77 
1 4.39892E-4 78 
1 6.08671E-4 79 
1 5.56381E-4 80 
1 4.80268E-4 81 
1 4.31105E-4 82 
1 4.54269E-4 83 
1 4.15155E-4 84 
1 4.40002E-4 85 
1 4.31726E-4 86 
1 5.70027E-4 87 
1 4.13151E-4 88 
1 4.37196E-4 89 
1 6.30171E-4 90 
1 4.24252E-4 91 
1 4.08031E-4 92 
1 4.26646E-4 93 
1 4.36816E-4 94 
1 4.05617E-4 95 
1 4.78223E-4 96 
1 4.43649E-4 97 
1 3.91339E-4 98 
1 3.95648E-4 99 
1 4.09634E-4 100 
5 8.27714E-4 1 
5 7.52372E-4 2 
5 7.82259E-4 3 
5 9.91694E-4 4 
5 7.73812E-4 5 
5 7.56099E-4 6 
5 7.4088E-4 7 
5 7.57571E-4 8 
5 7.93098E-4 9 
5 7.29369E-4 10 
5 9.96793E-4 11 
5 7.47673E-4 12 
5 7.50248E-4 13 
5 7.67981E-4 14 
5 9.59543E-4 15 
5 7.58564E-4 16 
5 7.53053E-4 17 
5 7.43094E-4 18 
5 7.24038E-4 19 
5 7.6184E-4 20 
5 0.001597299 21 
5 7.47844E-4 22 
5 7.5668E-4 23 
5 7.58043E-4 24 
5 8.48293E-4 25 
5 7.66018E-4 26 
5 7.93189E-4 27 
5 7.96506E-4 28 
5 7.69805E-4 29 
5 0.001342787 30 
5 7.44377E-4 31 
5 8.13628E-4 32 
5 9.32723E-4 33 
5 8.44436E-4 34 
5 7.68072E-4 35 
5 8.23636E-4 36 
5 8.05973E-4 37 
5 0.001216158 38 
5 7.53223E-4 39 
5 8.17865E-4 40 
5 0.001168458 41 
5 9.6303E-4 42 
5 7.59235E-4 43 
5 9.71045E-4 44 
5 7.33336E-4 45 
5 7.87148E-4 46 
5 7.81998E-4 47 
5 8.14709E-4 48 
5 7.75105E-4 49 
5 8.16432E-4 50 
5 7.59745E-4 51 
5 0.005738916 52 
5 8.50938E-4 53 
5 7.74734E-4 54 
5 7.80285E-4 55 
5 7.2481E-4 56 
5 7.57752E-4 57 
5 7.89602E-4 58 
5 8.56669E-4 59 
5 9.87646E-4 60 
5 7.64344E-4 61 
5 9.40588E-4 62 
5 8.73451E-4 63 
5 0.001012484 64 
5 7.75025E-4 65 
5 9.3151E-4 66 
5 7.7777E-4 67 
5 8.47441E-4 68 
5 7.85254E-4 69 
5 8.16042E-4 70 
5 7.63463E-4 71 
5 7.69804E-4 72 
5 7.47533E-4 73 
5 8.47201E-4 74 
5 7.88901E-4 75 
5 7.59615E-4 76 
5 7.39427E-4 77 
5 7.49787E-4 78 
5 8.83008E-4 79 
5 7.69314E-4 80 
5 7.69183E-4 81 
5 7.49727E-4 82 
5 7.49857E-4 83 
5 7.34488E-4 84 
5 0.001387752 85 
5 7.47653E-4 86 
5 7.73532E-4 87 
5 8.33115E-4 88 
5 8.22625E-4 89 
5 7.20552E-4 90 
5 8.51118E-4 91 
5 0.001012003 92 
5 7.358E-4 93 
5 8.198E-4 94 
5 7.58313E-4 95 
5 7.53885E-4 96 
5 0.001009728 97 
5 8.38245E-4 98 
5 7.49566E-4 99 
5 8.91755E-4 100 
10 0.002484656 1 
10 0.004630581 2 
10 0.003320635 3 
10 0.007506866 4 
10 0.00206362 5 
10 0.003196942 6 
10 0.002072637 7 
10 0.002594283 8 
10 0.005750237 9 
10 0.003020999 10 
10 0.004290809 11 
10 0.001567021 12 
10 0.003163178 13 
10 0.003548326 14 
10 0.002909418 15 
10 0.003145073 16 
10 0.002239282 17 
10 0.002122831 18 
10 0.003799751 19 
10 0.002982646 20 
10 0.002383414 21 
10 0.00441835 22 
10 0.003503481 23 
10 0.002163508 24 
10 0.001376361 25 
10 0.005990571 26 
10 0.002835628 27 
10 0.004409863 28 
10 0.006341013 29 
10 0.002500886 30 
10 0.003203063 31 
10 0.00521228 32 
10 0.008271882 33 
10 0.002187374 34 
10 0.001967759 35 
10 0.005132018 36 
10 0.002219595 37 
10 0.002901974 38 
10 0.003998727 39 
10 0.010605382 40 
10 0.006195529 41 
10 0.002200599 42 
10 0.003319202 43 
10 0.002626273 44 
10 0.007393192 45 
10 0.003484344 46 
10 0.021194325 47 
10 0.005087113 48 
10 0.006290367 49 
10 0.002955134 50 
10 0.003965804 51 
10 0.00537616 52 
10 0.010175289 53 
10 0.001673022 54 
10 0.001519852 55 
10 0.004434691 56 
10 0.003025688 57 
10 0.00840266 58 
10 0.002308242 59 
10 0.002353868 60 
10 0.002194477 61 
10 0.010883548 62 
10 0.002493512 63 
10 0.001468715 64 
10 0.003664926 65 
10 0.001558475 66 
10 0.003215176 67 
10 0.01064116 68 
10 0.010661088 69 
10 0.011054432 70 
10 0.005549468 71 
10 0.010140133 72 
10 0.002198865 73 
10 0.012165561 74 
10 0.009428658 75 
10 0.006848182 76 
10 0.008757721 77 
10 0.002369999 78 
10 0.003427528 79 
10 0.002266483 80 
10 0.00247098 81 
10 0.006652242 82 
10 0.002557794 83 
10 0.004197412 84 
10 0.00189948 85 
10 0.001341585 86 
10 0.006478223 87 
10 0.002601547 88 
10 0.003225085 89 
10 0.002628157 90 
10 0.003266984 91 
10 0.002407179 92 
10 0.038984794 93 
10 0.001501237 94 
10 0.00656678 95 
10 0.005020026 96 
10 0.004504142 97 
10 0.003129925 98 
10 0.002341746 99 
10 0.004860796 100 
